fu = 620.857971191406
fv = 622.298034667969
cu = 526.128784179688
cv = 374.273742675781
u_direction = 1 0 0
v_direction = 0 1 0
w_direction = 0 0 1
C = 0.0751 -0.065 -0.902
R = 0.000794376506820371 -0.371711462117335 0.928347972420126 0.997550683961614 -0.0646367856775087 -0.0267342264708707 0.0699428473375328 0.92609539188351 0.370749677327501
k1 = -0.331998556852341
k2 = 0.125557452440262
p1 = -0.000432605884270742
p2 = 0.00110327918082476
