fu = 623.726867675781
fv = 624.9072265625
cu = 517.064636230469
cv = 355.597991943359
u_direction = 1 0 0
v_direction = 0 1 0
w_direction = 0 0 1
C = 0.0729035330367489 0.0398897116894373 -0.888699091018144
R = -0.0372906265115714 -0.363782183647855 0.930737305599584 0.997432655705587 -0.0705296800729344 0.012396030046322 0.0611351495170682 0.928810038215139 0.365478325491838
k1 = -0.33689147233963
k2 = 0.138674452900887
p1 = 0.000823005684651434
p2 = 0.00124822638463229
